0.05699528076431968
0.017895916815508495
0.004466943421655081
0.002384325976229527
0.0022233698347752743
0.0018147953722456639
0.0016573910834267735
0.0015478181673891165
0.0014901107325303283
0.0014450626913458109
0.0014089725128459659
0.0013806931039487774
0.0013546872333708134
0.00135136520574716
0.001310133470476351
0.0012862542220814662
0.0012433262414891612
0.0012201571635986593
0.0012413062663240867
0.0012070931684733791
0.0011651610574600372
0.0011600084571083162
0.0011442918965423648
0.0011092615948820655
0.001090441930996762
0.0010591300828805702
0.0010371604055928235
0.001004762360191142
0.0009678646773946556
0.0009444711454720659
0.0009223163413645869
0.0009042100388218056
0.0008784031008624218
0.0008739837953312831
0.0008610059157945216
0.0008381506883200597
0.0008432526744648137
0.0008354583405889571
0.0009697951344688507
0.0009150101845576005
0.0008504913685928014
0.0008003975381143391
0.0007617702093822035
0.000756275030487979
0.0007421175144951452
0.0007315003577704457
0.0007003331795038486
0.0006900949070272459
0.0006924272853542458
0.0007047833006998354
0.0006855196129022675
0.0006511044312818823
0.0006498216773086989
0.0006390415788204832
0.0006227355016480116
0.0006355724154590545
0.0006373825996309857
0.000592086546186527
0.0005736937270161103
0.0005652454909233546
0.000564852070634846
0.0005713966992599043
0.000579260871745646
0.0005542014418593185
0.0005403855863154273
0.0005341595308643512
0.000535409492758018
0.0005289010190277953
0.0005138307381209663
0.0005021856764373792
0.0004965454017193141
0.0005009982666127722
0.0004838279300284657
0.0004693241313692521
0.0004603382020088082
0.00045598551514558494
0.0004476202673024752
0.00043964676760052413
0.00043598788695155895
0.0004372238446111706
0.00043595501020635396
0.000428597008894113
0.00042708618672225964
0.00041546927373432976
0.00040922341180372644
0.0004045103083957325
0.00040216286486776715
0.00039990258202041417
0.00039701837390153247
0.0003944288764614612
0.00039116009561852974
0.0003900106133766134
0.0003882096286609092
0.00038682756448079914
0.0003856530767569149
0.00038421035490252757
0.00038350422453897244
0.00038285969375548035
0.0003822390386961739
0.0003815726562276144
0.00038088915541514075
0.00038051558658480644
0.0003801587762692097
0.0003798340224999596
0.00037948180265216666
0.0003791183434342119
0.00037894639271226794
0.0003787702139974995
0.0003785964932335033
0.00037842154746282506
